# openset_names closet_names likelihood_matrix
wall,tile wall,floor,carpet,cabinet,closet,file cabinet,bed,dresser,chair,armchair,swivel chair,couch,table,side table,round table,kitchen table,door,glass door,window,bookshelf,shelf,picture,picture frame,poster,counter top,kitchen counter,computer desk,office desk,curtain,fridge,shower curtain,toilet bowl,sink,bathroom sink,bath,tub,bin
wall,floor,cabinet,bed,chair,sofa,table,door,window,bookshelf,picture,counter,desk,curtain,refrigerator,shower curtain,toilet,sink,bathtub,otherfurniture
0.075617,0.000000,0.000000,0.000000,0.000000,0.000000,0.000000,0.009470,0.000000,0.000000,0.000000,0.000000,0.000000,0.000000,0.000000,0.000000,0.000000,0.000000,0.000000,0.000000
0.080379,0.000000,0.000000,0.000000,0.000000,0.000000,0.000000,0.011047,0.000000,0.000000,0.000000,0.000000,0.000000,0.000000,0.000000,0.000000,0.000000,0.000000,0.000000,0.000000
0.009790,0.720144,0.011175,0.000000,0.002166,0.000000,0.009081,0.000000,0.000000,0.000000,0.000000,0.000000,0.000000,0.000000,0.000000,0.000000,0.000000,0.000000,0.000000,0.009830
0.000000,0.074926,0.000000,0.000000,0.000000,0.000000,0.019295,0.000000,0.000000,0.000000,0.000000,0.000000,0.000000,0.000000,0.000000,0.000000,0.000000,0.000000,0.000000,0.006994
0.026366,0.000000,0.397324,0.000000,0.000000,0.000000,0.000000,0.027258,0.015156,0.121678,0.000000,0.000000,0.021404,0.000000,0.069495,0.000000,0.000000,0.000000,0.000000,0.049126
0.065171,0.000000,0.120085,0.000000,0.000000,0.000000,0.000000,0.215352,0.019302,0.063645,0.000000,0.000000,0.000000,0.000000,0.029548,0.000000,0.000000,0.000000,0.000000,0.056627
0.000000,0.000000,0.079965,0.000000,0.000000,0.000000,0.000000,0.000000,0.000000,0.056741,0.000000,0.000000,0.023806,0.000000,0.027828,0.000000,0.000000,0.000000,0.000000,0.016295
0.014688,0.000000,0.000000,0.763208,0.000000,0.016948,0.008452,0.000000,0.000000,0.000000,0.000000,0.000000,0.000000,0.000000,0.000000,0.000000,0.000000,0.000000,0.000000,0.042558
0.000000,0.000000,0.096581,0.000000,0.000000,0.000000,0.004585,0.000000,0.000000,0.047322,0.000000,0.000000,0.052364,0.000000,0.036029,0.000000,0.000000,0.000000,0.000000,0.032088
0.000000,0.000000,0.000000,0.017061,0.644090,0.186446,0.030744,0.000000,0.000000,0.000000,0.000000,0.000000,0.000000,0.000000,0.000000,0.000000,0.000000,0.000000,0.000000,0.090755
0.000000,0.000000,0.000000,0.000000,0.161128,0.210941,0.022109,0.000000,0.000000,0.000000,0.000000,0.000000,0.000000,0.000000,0.000000,0.000000,0.000000,0.000000,0.000000,0.067746
0.000000,0.000000,0.000000,0.000000,0.318009,0.022146,0.000000,0.000000,0.000000,0.000000,0.000000,0.000000,0.000000,0.000000,0.000000,0.000000,0.000000,0.000000,0.000000,0.000000
0.000000,0.000000,0.000000,0.000000,0.053638,0.685248,0.008946,0.000000,0.000000,0.000000,0.000000,0.000000,0.000000,0.000000,0.000000,0.000000,0.000000,0.000000,0.000000,0.035547
0.000000,0.002227,0.056196,0.000000,0.005525,0.000000,0.666827,0.000000,0.000000,0.000000,0.000000,0.062246,0.377809,0.000000,0.000000,0.000000,0.000000,0.000000,0.000000,0.070300
0.000000,0.000000,0.000000,0.000000,0.000000,0.000000,0.043157,0.000000,0.000000,0.000000,0.000000,0.000000,0.000000,0.000000,0.000000,0.000000,0.000000,0.000000,0.000000,0.000000
0.000000,0.000000,0.000000,0.000000,0.000000,0.000000,0.062319,0.000000,0.000000,0.000000,0.000000,0.000000,0.000000,0.000000,0.000000,0.000000,0.000000,0.000000,0.000000,0.000000
0.000000,0.000000,0.000000,0.000000,0.001482,0.000000,0.146021,0.000000,0.000000,0.000000,0.000000,0.000000,0.023519,0.000000,0.000000,0.000000,0.000000,0.000000,0.000000,0.000000
0.041309,0.000000,0.022602,0.000000,0.000000,0.000000,0.000000,0.321690,0.000000,0.000000,0.000000,0.000000,0.000000,0.000000,0.000000,0.000000,0.000000,0.000000,0.000000,0.010685
0.007111,0.000000,0.000000,0.000000,0.000000,0.000000,0.000000,0.033882,0.025441,0.000000,0.000000,0.000000,0.000000,0.000000,0.000000,0.000000,0.000000,0.000000,0.000000,0.000000
0.000000,0.000000,0.000000,0.000000,0.000000,0.000000,0.000000,0.007158,0.336141,0.000000,0.000000,0.000000,0.000000,0.055282,0.000000,0.000000,0.000000,0.000000,0.000000,0.000000
0.025842,0.000000,0.043706,0.000000,0.000000,0.000000,0.005226,0.000000,0.000000,0.622479,0.000000,0.000000,0.075105,0.000000,0.000000,0.000000,0.000000,0.000000,0.000000,0.018120
0.030105,0.000000,0.055712,0.000000,0.000000,0.000000,0.000000,0.008287,0.000000,0.432767,0.000000,0.000000,0.026736,0.000000,0.000000,0.000000,0.000000,0.000000,0.000000,0.021360
0.000000,0.000000,0.000000,0.000000,0.000000,0.000000,0.000000,0.000000,0.000000,0.000000,0.151566,0.000000,0.000000,0.000000,0.000000,0.000000,0.000000,0.000000,0.000000,0.000000
0.000000,0.000000,0.000000,0.000000,0.000000,0.000000,0.000000,0.000000,0.000000,0.000000,0.518353,0.000000,0.000000,0.000000,0.000000,0.000000,0.000000,0.000000,0.000000,0.000000
0.000000,0.000000,0.000000,0.000000,0.000000,0.000000,0.000000,0.000000,0.000000,0.000000,0.033725,0.000000,0.000000,0.000000,0.000000,0.000000,0.000000,0.000000,0.000000,0.000000
0.000000,0.000000,0.045695,0.000000,0.000000,0.000000,0.008059,0.000000,0.000000,0.000000,0.000000,0.536332,0.000000,0.000000,0.000000,0.000000,0.000000,0.063300,0.000000,0.000000
0.000000,0.000000,0.029269,0.000000,0.000000,0.000000,0.000000,0.000000,0.000000,0.000000,0.000000,0.506114,0.000000,0.000000,0.000000,0.000000,0.000000,0.000000,0.000000,0.000000
0.000000,0.003906,0.057221,0.000000,0.003223,0.000000,0.165106,0.000000,0.000000,0.000000,0.000000,0.028585,0.603372,0.000000,0.000000,0.000000,0.000000,0.000000,0.000000,0.018662
0.000000,0.003917,0.039822,0.000000,0.000000,0.000000,0.129846,0.000000,0.000000,0.000000,0.000000,0.000000,0.398751,0.000000,0.000000,0.000000,0.000000,0.000000,0.000000,0.000000
0.028696,0.000000,0.015369,0.000000,0.000000,0.000000,0.000000,0.008345,0.021142,0.000000,0.000000,0.000000,0.000000,0.663413,0.000000,0.664545,0.000000,0.000000,0.000000,0.007796
0.014792,0.000000,0.010071,0.000000,0.000000,0.000000,0.000000,0.017180,0.000000,0.017153,0.000000,0.000000,0.000000,0.000000,0.460342,0.000000,0.000000,0.000000,0.000000,0.000000
0.008267,0.000000,0.000000,0.000000,0.000000,0.000000,0.000000,0.000000,0.000000,0.000000,0.000000,0.000000,0.000000,0.044914,0.000000,0.765570,0.000000,0.000000,0.000000,0.000000
0.000000,0.000000,0.000000,0.000000,0.000000,0.000000,0.000000,0.000000,0.000000,0.000000,0.000000,0.000000,0.000000,0.000000,0.000000,0.000000,0.948199,0.000000,0.000000,0.008644
0.000000,0.000000,0.000000,0.000000,0.000000,0.000000,0.000000,0.000000,0.000000,0.000000,0.000000,0.000000,0.000000,0.000000,0.000000,0.000000,0.000000,0.670517,0.000000,0.000000
0.000000,0.000000,0.022246,0.000000,0.000000,0.000000,0.000000,0.000000,0.000000,0.000000,0.000000,0.000000,0.000000,0.000000,0.000000,0.000000,0.000000,0.343074,0.000000,0.000000
0.000000,0.000000,0.000000,0.000000,0.000000,0.000000,0.000000,0.000000,0.000000,0.000000,0.000000,0.000000,0.000000,0.000000,0.000000,0.000000,0.000000,0.000000,0.757643,0.000000
0.000000,0.000000,0.000000,0.000000,0.000000,0.000000,0.000000,0.000000,0.000000,0.000000,0.000000,0.000000,0.000000,0.000000,0.000000,0.000000,0.000000,0.000000,0.659859,0.000000
0.000000,0.000000,0.000000,0.000000,0.000000,0.000000,0.000000,0.000000,0.000000,0.000000,0.000000,0.000000,0.000000,0.000000,0.000000,0.000000,0.000000,0.000000,0.000000,0.292872
